450.54
156.56
446.25
171.23
454.93
150.78
451.76
223.91
213.87
274.9
185.67
157.0
218.74
410.11
226.8
415.38
403.59
309.13
396.43
379.02
324.78
172.62
201.76
217.59
420.26
235.47
208.43
230.61
180.1
385.27
283.26
305.02
292.7
185.3
218.49
225.88
333.79
165.01
385.89
330.96
183.0
225.56
243.13
307.62
171.94
183.29
419.86
194.39
308.79
256.97
384.79
357.99
194.23
385.57
352.63
337.42
400.5
287.33
167.89
416.75
153.73
219.93
222.06
210.99
406.19
325.37
293.0
415.4
438.81
421.99
255.53
329.69
154.38
430.86
225.94
390.36
155.69
319.69
306.2
214.97
228.19
222.77
226.14
147.41
328.72
408.95
185.86
237.46
214.15
258.79
224.35
268.59
383.44
188.61
311.69
316.25
346.7
239.75
310.98
311.39
853.38
1510.9
848.43
1707.24
1236.86
610.19
1293.43
1492.88
803.13
1409.25
752.96
1534.04
1462.92
1578.58
1588.73
1430.89
817.58
754.42
1286.35
758.49
1687.27
1636.13
713.61
1143.69
777.16
1651.51
796.34
772.16
607.47
803.27
1503.25
977.63
1008.7
844.42
1390.61
777.46
1076.96
1398.27
1470.6
884.2
697.06
985.93
1132.05
790.18
911.9
1366.58
1599.46
1514.16
882.21
1477.7
859.18
1509.86
1030.28
1499.29
1265.25
842.68
1220.42
1224.44
776.19
753.51
1298.5
581.6
1136.66
857.24
1502.98
1418.53
748.86
738.58
1682.13
484.39
738.8
942.51
867.1
1146.31
1031.39
1423.02
1547.81
763.2
641.69
762.29
1535.82
1200.93
849.16
1702.55
1017.61
1090.73
782.15
883.4
860.13
1466.13
1561.21
1284.35
922.62
582.75
532.23
1152.36
993.12
682.77
696.93
906.23
1884.25
1582.86
1604.37
1023.89
1544.69
2037.06
1160.69
995.53
1204.11
1720.68
1545.14
1307.74
1553.23
1120.18
1755.29
1709.64
1622.04
1123.79
1805.05
1608.89
1034.54
1425.13
1897.4
1734.95
1770.94
1430.53
1329.03
1880.42
1003.96
1617.69
685.66
1550.33
1117.58
1622.73
1079.81
1785.44
1143.25
1651.02
1628.54
1589.17
1145.95
1545.06
800.86
1588.33
1680.27
1733.94
1969.83
1800.0
1608.55
1782.51
1277.9
1229.23
1916.5
1582.79
1877.48
1109.61
1535.2
922.19
1547.44
1211.32
1539.23
1682.27
1685.04
1281.51
1614.43
1721.84
1700.62
1228.51
1482.57
1878.58
1626.24
1739.69
1527.04
1161.09
989.9
934.8
1854.93
1449.05
1593.44
932.53
1997.79
1170.21
1576.95
1942.22
1541.93
1870.59
1799.55
1127.13
1666.21
1172.95
1903.21
1918.78
2054.04
1915.23
1121.84
1503.44
919.19
1852.96
1647.18
1682.01
1415.87
998.91
1312.44
812.95
1434.5
815.85
1000.86
1491.31
1417.8
1527.23
1004.49
1372.96
1074.81
1140.18
1181.97
914.04
1048.46
639.95
1122.59
1049.54
1484.14
826.27
765.91
1433.16
1525.09
1097.36
1268.3
1567.9
1099.65
966.32
599.56
673.07
653.43
1772.79
1257.34
795.55
756.82
665.51
991.43
1073.62
695.83
834.29
1250.4
1340.46
939.01
1094.63
1260.02
643.96
975.4
1145.4
1699.58
1011.75
654.89
1138.68
648.07
743.73
1403.16
1420.44
610.19
738.65
739.1
1132.73
1825.97
1389.0
621.91
1650.73
1456.38
860.62
771.3
1127.17
1007.48
1115.36
1426.87
1370.23
1242.41
1100.01
1461.91
626.99
749.33
1227.2
784.21
990.92
1314.88
551.65
1135.05
780.22
1764.01
544.5
861.4
1352.73
662.97
1016.46
698.84
1445.65
1661.5
1119.54
1385.16
816.75
1087.65
1606.72
945.91
701.93
882.36
1094.29
816.72
567.88
954.28
926.3
551.64
1166.62
652.57
1125.23
791.03
981.75
777.99
621.5
1200.95
566.42
1457.66
546.72
1077.86
564.91
853.59
883.24
738.2
867.06
1229.47
812.08
526.87
1387.78
518.04
757.54
1037.1
994.48
631.66
1635.61
886.07
888.08
806.0
1026.94
1015.23
881.05
624.35
664.05
580.44
1113.13
599.63
824.53
1120.29
700.77
290.49
278.46
314.61
698.43
1142.35
655.13
900.18
777.03
481.52
797.52
850.45
784.59
894.78
763.94
1167.14
495.31
888.4
1115.76
1182.69
319.72
734.44
962.5
1143.95
1075.89
753.11
831.82
1079.21
1098.33
860.26
413.04
623.31
722.54
290.74
326.67
763.12
644.85
1140.5
914.25
773.0
1131.75
546.41
591.56
357.55
746.38
334.02
321.1
1085.78
845.91
810.91
777.32
1040.91
898.96
642.62
293.73
1055.55
275.96
800.4
590.68
918.64
617.77
895.56
773.37
631.55
472.62
280.9
813.04
756.87
1195.37
925.41
476.33
991.24
754.36
1193.89
445.2
643.48
508.56
639.97
753.47
860.98
381.61
647.94
987.35
742.12
653.33
278.12
773.79
1061.57
307.62
1104.47
625.94
814.56
1037.49
802.53
317.3
516.37
401.67
1171.37
1093.55
413.86
784.74
1478.04
1132.48
1258.72
1435.56
1127.95
524.31
706.52
785.86
1118.63
1425.11
791.75
1331.13
910.09
672.63
1460.38
737.25
743.91
614.18
933.13
1289.11
639.53
629.5
831.1
1506.85
1203.89
746.67
1488.52
719.81
1246.83
641.32
668.53
1052.28
602.47
618.49
801.06
1499.63
1298.29
939.83
1063.3
1240.5
1514.48
911.78
1074.24
1521.63
805.93
1446.83
1221.52
1219.08
851.66
1192.6
1457.07
778.21
1555.45
1349.71
607.86
1425.64
811.34
613.13
790.9
1495.69
865.48
1076.91
1138.02
1528.85
1444.25
813.02
1061.89
1173.04
1410.09
679.92
1524.43
533.56
1353.42
559.31
865.42
1122.62
1272.26
769.77
1480.25
1010.48
793.58
697.65
768.97
1452.47
897.06
661.27
1503.32
1370.01
829.02
1494.59
565.63
982.86
708.21
980.85
980.13
1134.62
651.45
1264.16
1384.05
787.53
1875.09
1979.74
2004.38
1889.41
1805.1
1975.34
1955.43
1963.11
2064.61
1956.65
1970.31
1911.88
1805.67
1956.82
1877.92
1937.34
1828.89
1959.04
1912.42
1885.64
1896.92
1810.7
2012.96
1941.68
1973.88
1867.84
1908.54
2054.87
1742.92
1950.51
1842.65
1870.36
1916.42
1932.72
2036.0
1821.24
1787.61
1958.98
1890.03
1752.11
1875.44
2007.82
1943.73
1811.01
1839.53
1890.26
1880.43
1820.53
2160.55
2042.78
1803.39
1940.31
1854.37
1937.75
1997.93
1846.63
1989.08
2120.36
1854.07
1887.91
1814.81
1875.9
1831.07
1936.07
1973.42
1865.21
1914.6
1815.95
1966.03
1765.92
2120.2
1933.37
1897.19
1953.63
1860.07
2043.34
1865.62
1981.07
1933.52
1831.33
1923.94
1865.61
1866.26
1866.6
2005.71
1917.23
1897.62
1851.74
1836.31
2021.15
1788.13
1948.8
2081.09
1863.57
1949.22
1814.18
1903.97
2075.18
1795.09
1918.11
1366.77
1185.95
955.17
1891.82
1449.18
768.57
1212.68
1318.67
667.76
1240.25
2103.38
1527.35
1827.31
1701.05
1544.0
2002.51
1676.01
1804.51
1767.28
1370.08
1416.21
2157.36
1738.72
1769.85
1440.28
1438.75
1588.67
846.71
1958.18
1459.94
1700.46
1550.93
1830.39
1076.14
1459.23
1975.52
681.97
1786.97
1647.15
462.06
1888.42
1880.72
1145.16
731.0
1351.22
1667.62
1898.78
714.94
1599.52
1442.35
1513.6
1446.87
1251.74
2102.19
1590.34
995.68
1578.37
1917.61
1283.86
1886.91
1257.47
1116.65
732.88
213.42
1354.1
1263.44
1169.84
1891.37
1375.85
857.46
1496.43
1397.76
1417.46
529.62
1501.71
1603.11
1487.14
1710.83
663.39
1597.83
1202.77
1022.03
1470.55
1863.06
589.4
1667.32
1463.33
1649.43
956.39
1750.73
2099.39
880.55
1319.81
1331.63
1525.55
1726.96
1764.81
1275.9
1064.3
1187.99
1398.21
1802.16
1575.38
1761.44
1859.05
1816.12
1821.58
1812.01
1357.03
1652.17
1324.48
1076.67
1093.97
1437.71
1422.12
1274.03
1527.65
1432.09
1312.79
1598.87
952.95
1633.94
1786.54
1186.64
1215.04
2132.49
1129.77
1637.82
1535.64
1840.58
520.41
1462.65
1361.51
1095.01
699.44
1451.32
1115.16
1165.93
1725.99
1231.3
829.85
1350.41
785.91
1805.17
1042.98
1860.54
1929.74
1119.1
854.47
1718.25
1651.93
1608.43
1888.36
2127.16
1490.19
712.47
1611.93
700.68
1250.43
1885.63
1917.09
739.9
624.91
1353.97
1619.21
1135.98
798.39
1656.71
1538.46
2101.1
1780.69
1862.26
997.37
1853.3
1285.94
1437.96
1684.91
1923.83
1647.36
1653.74
970.16
1791.33
1899.02
1571.62
1605.97
1445.94
619.97
1060.2
755.79
1470.1
1950.53
1911.12
1229.62
1455.49
1137.4
1498.8
1697.55
1746.63
1291.69
1635.83
1517.65
1394.52
1952.96
1540.65
1017.49
1628.09
1390.95
1512.99
1613.48
1951.36
1467.78
1672.42
1711.63
1509.85
1630.21
2174.1
1856.52
1994.18
1516.02
1002.49
1072.11
2146.58
1938.67
1907.07
1326.6
1654.27
918.85
545.01
1431.36
1603.12
1176.02
1036.02
1218.42
1923.92
1950.48
1626.74
1799.49
2003.03
1999.4
1755.93
1554.18
1622.42
1802.63
1486.96
1983.61
1324.33
1278.92
1825.34
1770.49
1853.28
666.15
749.89
1901.24
1598.48
1718.25
2012.14
1606.14
1840.33
1586.76
1904.84
1224.0
1805.93
797.88
1584.91
1676.24
1719.82
1222.27
1497.79
956.22
1858.53
1679.39
839.14
1563.13
1780.55
803.81
1241.45
1635.08
1785.0
1787.21
1294.27
990.15
1000.1
908.13
1464.23
1418.64
835.02
1745.03
1086.98
1117.64
1764.51
1514.47
1047.59
1868.35
1234.47
1096.13
1545.54
625.83
1309.82
1168.78
1731.19
782.15
1308.87
1000.79
1886.68
1452.05
1418.71
1737.1
1679.61
875.32
1843.29
1733.9
1117.15
1095.34
1639.44
1572.72
1253.71
1681.96
1703.67
1687.84
1593.47
1452.87
1714.02
746.37
1338.38
1327.7
1620.14
1173.46
1628.64
1749.11
947.57
1493.58
1202.17
1759.56
1629.93
1357.19
625.74
1191.62
1949.43
1658.5
912.01
1794.61
1370.72
1213.82
1704.68
1502.01
1445.84
537.86
1096.75
1806.65
1682.2
974.16
952.41
1788.93
1132.68
1304.28
1745.34
1617.25
1493.07
860.75
1841.31
1660.06
1728.83
1785.75
1457.78
1546.53
1578.0
1854.23
800.61
1708.18
1681.4
1520.35
1388.01
1774.52
820.94
1635.46
1460.95
1853.72
1959.7
1541.68
1620.53
1465.03
1794.8
1659.19
966.75
998.0
1263.94
1260.91
1469.48
1765.09
2086.44
1456.24
1196.77
1239.99
1164.13
1520.26
1189.02
1991.13
1697.85
1782.98
1235.99
1602.55
1637.23
281.91
2119.95
1398.38
1610.12
1637.88
1862.34
1863.87
930.12
641.64
1177.28
714.44
1745.83
1769.46
1913.08
509.09
1399.75
1722.56
1526.42
1589.0
1477.88
1209.0
1784.99
1122.1
1596.48
1668.26
1514.55
1970.5
1672.42
711.19
1604.12
633.35
1622.32
1817.56
1762.93
849.98
1458.19
1263.57
952.29
1672.3
893.32
1621.01
1668.56
1638.32
1948.23
1800.18
1505.31
1201.38
1154.17
1709.84
1240.42
1583.14
1416.0
782.5
1123.43
1368.24
1008.11
1799.52
1383.08
1996.27
537.91
1800.27
1487.68
1862.72
1667.51
384.36
835.4
1788.45
643.88
1011.24
1535.16
1466.56
1719.94
1358.58
1818.32
1341.01
1737.84
848.32
1471.53
1479.15
1152.63
1523.15
1638.71
1644.61
476.05
1109.35
805.87
1433.13
1537.94
1070.1
1184.03
855.14
1115.61
1121.5
1572.67
1908.76
1932.29
1941.89
1369.88
1937.26
1809.72
1028.24
1243.02
737.44
1128.89
1516.31
1192.37
1786.45
1850.08
1510.79
762.7
1626.78
1238.25
1719.41
1706.64
1939.81
1165.53
1792.55
850.42
1522.01
1275.0
1083.08
1699.26
1385.53
1638.32
1827.06
917.51
1248.72
1577.97
771.68
1610.96
1379.23
892.46
1832.33
1485.64
2106.01
1194.96
548.82
1075.86
1504.05
1870.1
1763.94
1717.44
1373.66
1354.93
1651.81
1649.97
1408.07
1473.19
1896.26
1397.85
1584.63
1439.31
1663.71
1855.83
1812.98
1847.25
1242.21
1065.31
1027.37
1462.58
1571.64
958.06
1923.99
1589.69
827.07
1520.63
1987.44
1465.36
1140.74
1090.27
1477.31
1228.92
815.36
1366.91
920.35
1439.9
1276.25
1223.21
1628.6
989.5
1315.1
1243.15
1136.18
1493.54
1661.44
747.65
1701.79
1186.85
572.85
1353.0
989.73
1464.2
1024.96
1637.3
1235.3
1374.52
1064.36
1717.04
1140.61
1612.54
1193.35
1621.28
1916.38
2075.43
1614.81
1295.27
634.29
1744.35
1496.6
1491.2
1444.09
1608.82
1933.77
1519.87
1476.37
1496.89
1078.32
1995.84
1808.97
1838.97
1162.55
1353.31
1535.01
1613.2
1457.21
750.91
1818.34
1414.24
1717.85
1403.95
872.3
1670.64
1839.75
1387.07
1921.05
1531.63
1552.81
766.85
1494.15
2106.51
1394.61
1603.42
1835.2
1689.2
1453.9
1827.0
1465.55
1529.54
1522.48
1542.81
1608.34
2129.81
906.61
773.46
1809.56
1475.08
1252.16
475.89
1366.53
826.11
944.9
1798.06
984.23
1511.55
1739.28
1746.39
1415.13
1859.79
1415.64
1147.22
1460.19
1828.76
1532.65
1642.1
1617.21
1361.16
861.24
1542.9
1497.44
1207.89
1485.86
1696.52
1620.58
1198.98
1664.13
1485.48
1639.28
1747.03
888.46
1966.95
1464.19
1805.91
1011.84
2004.68
1613.97
1943.97
1311.44
1124.77
1918.32
1756.14
1494.56
914.4
1454.62
1785.32
1543.11
1591.23
1376.99
476.73
1626.77
1027.29
1291.72
1244.52
2160.83
1281.02
1419.51
1651.04
1069.64
653.92
1289.52
1470.98
1409.41
1548.75
993.63
1063.29
1495.13
1369.26
1454.7
1455.81
1861.36
1524.53
1208.01
934.7
1464.82
1737.4
1568.01
1422.55
1512.29
702.57
1523.31
1006.07
809.98
1347.35
1648.57
1612.81
1830.84
1232.42
1691.11
885.79
1606.1
1828.46
1124.08
1920.68
1230.36
1890.08
668.59
601.17
1483.37
1117.19
1796.55
1199.44
1823.07
1592.48
1431.72
1643.35
1212.4
878.85
1804.64
1696.02
613.53
1203.98
830.61
1103.39
907.14
1482.59
1442.94
1528.5
1978.08
647.24
746.38
668.19
1429.04
1112.48
1573.28
983.07
2113.82
1620.4
336.86
1521.48
1225.47
666.47
1199.19
1465.03
878.56
1829.45
1812.48
1786.22
838.32
453.59
1483.51
1106.45
1503.66
1548.16
1140.39
1657.53
453.4
619.88
1683.3
1679.06
740.39
852.96
1140.63
1478.11
1483.24
1408.66
1776.19
432.9
1332.38
870.42
1496.47
1645.78
1751.59
1662.0
1485.07
1892.98
1431.1
1927.69
1247.13
1609.64
826.38
1408.46
1339.86
856.92
1559.9
1659.94
1570.28
1718.7
1499.14
1686.68
1460.69
1139.52
1378.52
1239.02
893.64
1748.28
1634.29
1502.67
1398.91
2091.82
1826.51
1789.62
447.22
1179.09
1221.62
2045.15
1535.97
1066.55
1520.14
999.61
1891.78
1706.45
2130.87
1622.94
1494.11
941.57
1951.69
1713.87
545.71
1310.93
903.47
1356.67
1524.57
1477.07
1490.62
1675.66
1472.94
1857.5
1429.87
1123.24
1458.95
1621.59
799.0
1406.1
1512.44
1064.05
622.04
870.66
1374.4
1111.44
1583.2
1107.5
1798.35
1672.18
671.72
1556.6
1482.66
1370.58
1345.21
1335.66
1771.59
1501.13
1884.12
2093.71
1936.28
1558.75
1338.66
1129.47
1480.67
1470.23
1735.8
1739.68
572.11
1793.92
1887.12
1864.78
1758.5
1302.76
1370.77
1139.01
1274.04
1723.15
724.81
386.12
993.75
591.72
1329.49
1069.35
935.25
686.04
896.92
1610.8
1456.83
658.07
1159.39
1729.82
884.42
1752.45
1827.12
1478.65
1693.7
467.12
1447.6
1411.36
978.28
1315.19
1400.77
1178.68
1954.0
1426.96
1543.79
733.69
2174.15
1217.11
1925.42
1092.27
1406.82
1267.04
1637.39
758.14
1431.42
508.4
1439.72
1714.87
1855.96
623.44
1738.92
718.84
1073.87
1006.54
1200.09
1711.78
1422.13
1538.33
1570.48
955.17
689.68
1189.04
1896.42
1775.8
1173.11
1966.07
1883.67
1652.87
982.19
1550.11
1444.65
818.1
1622.28
1143.4
1651.29
1286.13
1492.12
1636.16
1537.46
1407.53
1658.15
1662.64
1633.86
1471.67
1187.99
1576.07
1792.17
1093.51
1671.56
1137.27
923.24
1632.11
1629.89
1936.01
1014.58
1146.67
1218.33
1124.33
1817.25
1252.54
1957.75
554.79
1353.33
1372.31
1314.07
1513.2
1742.77
1924.11
1581.21
1206.32
1319.56
1727.99
2095.44
543.22
1953.55
797.44
963.53
1733.56
1012.12
1463.55
571.36
1849.76
1513.11
1946.94
1947.36
1277.94
1641.83
1522.29
1949.55
1636.99
1447.3
902.29
875.06
1597.86
864.41
1675.46
1357.99
1374.55
2218.3
1606.75
1630.32
1596.21
1136.65
1762.05
1734.38
1959.62
608.94
1051.83
1063.44
1502.09
1801.55
1694.76
1500.43
1815.95
1631.22
1490.15
1641.26
1742.56
1511.54
1899.24
957.82
1354.46
955.9
1717.37
1665.7
1736.77
645.95
1321.12
832.04
1193.21
1226.08
1135.75
539.15
1440.27
1440.31
1669.55
1156.12
725.1
1119.53
1599.54
581.6
736.39
1634.29
1738.28
1280.62
1691.16
1649.78
1708.59
1632.42
1634.89
1631.33
1382.16
1751.35
1599.4
1247.11
747.55
1140.66
1121.72
1528.23
577.83
1531.35
1869.17
1730.28
1414.07
1514.09
940.18
1727.38
2130.97
1443.44
1180.36
1826.57
1192.55
1314.97
1496.08
1588.33
979.41
1133.22
1853.39
1791.6
1920.37
1454.64
1613.83
1773.69
1639.58
1938.84
1670.8
1635.58
1717.9
1345.54
1804.31
1426.27
1591.51
1305.17
1508.79
1528.28
1454.29
895.85
652.54
1729.93
1607.09
1167.99
1121.51
1115.39
1522.2
1245.76
614.35
685.73
1617.12
1723.91
1490.65
1463.07
1931.72
1900.21
1943.69
1204.14
1511.23
1038.23
1205.36
994.83
1789.41
628.75
1580.66
1117.48
1667.17
1858.45
1394.11
1607.95
1006.63
1493.24
1734.2
538.76
1398.48
1230.69
1442.1
1375.01
1555.93
743.06
1435.48
1625.07
239.34
756.04
1857.27
1587.85
894.72
1193.76
1812.1
684.94
733.02
1797.4
1724.75
1737.92
1924.52
1849.36
1319.29
1581.85
1247.25
1793.52
1684.64
1596.64
1624.05
1944.39
631.04
1723.22
1137.35
1572.74
1517.65
795.89
1244.26
1432.49
1480.57
814.54
1442.08
1882.6
1465.25
943.06
1456.31
1332.26
1583.15
1870.5
1905.68
634.47
323.1
836.02
1592.76
1762.3
1822.86
1598.07
1545.32
1814.24
1690.51
1722.86
611.76
1732.43
1884.19
1542.78
1695.46
1958.18
1444.01
1884.86
1439.38
1207.27
1443.65
907.11
1593.39
1529.95
1759.69
1195.56
1516.74
282.91
1872.33
1443.67
1407.29
546.02
856.92
1812.3
1590.23
1739.43
988.6
1817.09
1469.39
867.42
1810.74
1294.22
977.46
718.05
1298.03
1896.71
1906.76
1423.31
624.22
1093.51
1124.1
1000.49
1714.67
1249.51
1347.66
1346.58
1506.55
1487.0
1819.2
865.68
1380.16
1863.71
1670.02
429.17
1850.1
1503.55
2088.95
1764.52
849.72
1159.24
591.65
1665.12
1668.0
832.04
1090.65
1709.89
619.81
1083.9
845.12
1677.86
1528.45
2094.34
973.4
1154.83
1223.5
1543.78
1944.21
696.49
1865.17
1397.34
1459.09
664.01
1683.9
1512.99
1867.1
1787.56
723.85
1631.08
1136.13
1827.8
1404.67
1642.58
1691.96
768.95
1133.32
1054.93
940.72
1463.96
1493.95
1541.31
1447.85
1365.23
1500.89
1249.37
1401.86
1376.36
1983.0
1014.97
1790.57
1592.89
1692.96
1505.95
1093.88
1469.52
1938.8
1719.42
878.2
1581.01
1511.1
2031.01
1638.9
1636.26
1735.11
1422.01
1473.4
1648.27
1804.8
1103.73
1557.94
840.94
1730.23
1778.56
509.63
1601.05
1902.99
1819.13
1447.94
1423.68
778.83
1098.96
1788.07
1171.6
1737.8
1231.61
733.53
1470.1
1614.61
1389.49
1746.2
1215.96
428.83
943.87
1764.46
1964.8
1730.66
1639.75
1910.7
1300.64
1539.55
1729.18
1591.2
1356.97
1496.08
1455.02
1665.48
1097.88
1599.77
1545.2
1167.99
987.62
687.55
1862.12
1232.51
1472.71
919.53
1123.86
1493.94
1586.62
1121.94
1340.31
1709.88
784.41
1903.21
998.08
788.46
1668.83
1087.67
1666.52
1939.34
1106.02
1859.78
1877.61
1919.92
804.12
439.92
939.95
1521.96
1733.83
584.25
1788.58
1804.72
1245.97
1630.5
901.31
661.42
1733.64
807.14
214.19
1276.56
1878.5
1690.42
1633.67
1945.8
1743.54
1947.27
1664.12
1431.08
1248.93
1696.27
923.73
1475.82
1478.11
1821.11
1226.56
1629.27
1183.09
1569.11
1549.59
1410.85
1336.77
1125.74
1831.91
1055.53
1717.31
2070.09
771.21
1782.59
219.03
1846.87
1303.07
1708.93
1718.6
1098.97
1787.7
1882.65
1640.57
1596.83
601.51
1505.0
1709.83
1570.43
1437.09
1779.06
979.33
1882.62
1627.23
1228.09
310.28
1813.26
498.53
339.98
1262.62
910.75
1801.33
1778.77
1502.2
1827.06
1563.71
1494.65
1552.82
1194.62
822.84
1657.82
1202.1
1596.88
1235.1
1427.94
1674.41
1660.72
1558.41
691.78
1490.87
1471.01
1818.71
976.28
675.39
1186.24
1135.57
1349.09
1048.53
1646.44
1535.97
1783.22
799.62
1772.54
835.66
1949.6
1857.84
1444.25
1222.89
1510.13
871.48
1893.74
1299.63
887.81
1643.66
1003.22
882.29
607.03
943.91
539.39
1901.18
1941.64
1656.48
1284.0
1171.16
594.32
1520.39
1673.26
1168.15
471.39
1628.04
1650.66
570.92
1378.69
784.87
972.15
1210.29
1951.42
950.29
329.04
1261.13
1860.71
1476.78
1799.64
1924.05
1223.58
1619.78
1919.55
1302.37
934.05
1091.58
1709.7
1330.26
1594.49
981.48
1585.96
2057.63
1643.95
1106.26
1915.12
1935.83
1372.37
1695.77
1472.7
973.16
1871.13
1310.52
1203.18
1527.42
1751.59
1492.37
542.3
1519.71
807.59
1036.27
206.34
1679.41
1917.34
1714.03
1191.14
1290.03
1722.88
1933.08
1589.46
1161.4
1478.7
644.89
1814.6
1859.96
1110.06
1744.28
1235.28
1718.67
1901.01
1634.77
691.27
926.53
1517.66
1859.51
1520.1
1189.95
1512.4
1436.35
1142.61
1796.97
1586.22
1816.52
1606.75
1000.29
1819.31
1478.2
1658.87
972.64
1563.95
1061.12
936.96
1476.92
1632.95
1520.21
1517.19
1844.91
1191.4
826.31
979.68
1757.37
1628.78
1638.94
1366.09
1207.89
1348.19
705.91
1933.82
1135.24
1911.23
1024.91
1634.96
592.07
1344.12
1202.79
1045.16
427.68
1711.18
1698.78
665.43
1169.37
2010.33
1843.22
1169.24
1848.55
1520.6
1582.3
1595.48
1471.93
2032.22
990.93
691.43
1953.76
1646.9
1532.02
1872.27
2110.94
1513.99
1647.66
1593.88
1420.31
1210.89
1231.01
1239.21
1633.91
1490.74
1952.55
1533.32
1598.24
1644.09
1660.95
1282.47
1826.69
1056.03
1426.12
1433.38
1648.41
1962.68
602.19
1123.92
1361.75
1932.25
1763.64
1154.27
1913.33
1633.09
1641.24
1797.33
943.18
886.27
1793.87
273.27
1885.64
1940.9
1850.83
1716.45
1374.86
1513.48
1514.7
1816.35
301.76
1644.69
1169.75
1204.52
1947.21
1297.18
1223.54
1454.97
1664.56
1609.76
1499.09
1590.16
1430.38
1801.35
865.89
1318.19
1088.92
1161.14
694.5
742.43
843.9
1621.04
630.82
1522.28
890.95
1494.23
1908.4
1889.9
1549.92
1895.6
1516.32
1360.38
1643.82
1953.12
1139.02
527.0
1178.43
1768.73
1608.0
1838.57
1923.95
665.24
566.21
1769.9
1184.97
1789.35
961.2
1862.75
1115.43
1594.92
1206.61
1116.27
1227.53
1489.89
1863.47
1239.93
1943.31
1503.81
1449.91
1663.15
1686.51
1924.51
1741.9
1565.72
1139.19
2101.79
1116.79
791.79
1567.27
1228.17
1599.3
899.93
1254.31
1277.87
1642.99
1632.93
1828.5
1270.24
1451.82
1582.76
562.4
1635.94
1566.31
1836.81
1873.87
568.22
578.47
1647.09
1836.29
1178.39
1874.19
815.47
1172.17
1391.73
753.72
2033.31
1426.98
1109.47
1785.25
1873.76
1470.1
1034.19
803.21
1502.65
1578.21
1794.85
1513.64
1746.56
1611.69
1100.47
1823.43
1626.48
1350.33
1861.97
302.45
1718.36
1307.78
1656.72
606.09
745.67
1843.87
1845.57
1301.18
932.66
1551.18
1907.88
1707.18
1294.26
1662.19
1655.59
1191.96
1659.47
1638.11
1515.62
1127.51
1322.16
901.13
1724.45
1964.61
1590.24
1864.51
2174.76
1828.81
1519.17
1587.85
738.69
937.1
1499.63
773.84
1490.21
1458.11
1892.67
1037.84
1786.94
1657.95
1578.93
1690.78
1524.61
1786.98
568.57
981.5
695.14
1411.33
781.82
1855.36
1755.89
2073.36
1639.92
1315.12
1121.33
476.22
967.23
1665.87
1464.06
1671.01
970.42
965.54
1416.07
1322.07
1536.23
946.9
925.77
1544.79
1500.41
1881.34
878.91
1189.44
523.08
775.73
1772.14
1368.23
1795.5
1497.99
1613.3
1528.41
1821.9
1846.06
1153.84
1882.54
1508.87
1609.54
998.12
1491.27
1750.69
391.63
1846.02
1825.53
1128.24
1511.9
1078.69
1763.69
1192.62
1470.79
1505.68
1544.25
681.48
1675.47
1645.82
1632.84
909.28
1061.79
1861.82
658.81
1740.27
1949.28
917.87
1424.53
1966.84
1371.72
805.28
1788.75
1159.56
1226.87
1253.15
1839.89
967.28
1339.37
1959.05
1547.4
1160.28
1645.89
1666.52
1369.3
957.87
1466.72
1138.7
746.76
1282.58
1410.75
402.9
1632.6
450.17
1522.77
1236.79
1750.9
1712.85
1775.87
1460.82
1545.99
424.63
902.06
1516.35
1881.96
1160.96
1656.37
1849.82
1619.92
1445.03
1542.4
1183.37
1583.06
470.03
2192.91
1440.82
1002.17
784.46
696.03
1844.27
1441.35
1432.15
1894.89
1774.68
1310.99
1605.78
1548.55
1067.93
1890.42
1620.1
1610.56
1634.23
1500.38
1982.48
1513.75
1709.77
1018.01
905.15
1706.2
1758.36
1439.47
991.06
2047.32
1408.9
1635.66
1598.01
1602.3
1503.18
1188.92
1534.16
1351.35
1912.14
1212.69
1733.38
1672.11
1608.51
2099.02
1306.81
1411.33
1592.5
1617.68
1461.13
904.61
1074.62
1663.48
1467.38
1832.07
1615.22
1277.72
895.66
1167.08
1116.02
1890.05
1555.96
1223.44
1831.8
1432.1
1701.31
1948.4
1854.64
1601.53
1658.84
1655.21
1205.01
506.45
1638.29
1992.75
1808.01
1791.85
2193.39
1711.45
1818.81
1293.53
1078.12
1301.82
1744.97
1618.25
1602.14
1206.98
1643.95
1666.31
928.06
1826.48
1433.8
1946.77
2162.0
1277.65
876.59
1563.71
1816.71
1683.68
1663.57
1031.55
1939.08
1843.31
1790.01
1428.45
1602.52
1942.07
384.65
666.98
1418.97
875.1
1378.18
1183.49
1762.18
1141.64
1197.98
1200.85
1191.54
1687.51
1658.48
1302.32
1184.98
1692.34
1589.2
1496.43
959.08
1947.2
1508.76
1511.35
1349.99
1461.96
1741.28
1290.02
1157.19
475.85
890.34
1556.9
914.59
1451.42
1524.0
1591.13
2015.71
1879.44
1759.87
1637.52
1684.21
1445.11
1882.86
1501.49
1601.82
1844.37
1919.73
1474.34
1735.13
1572.57
1599.03
1787.08
1056.17
980.03
2026.73
2035.7
1485.15
970.3
1664.18
1975.31
1520.93
1643.6
1610.22
1940.26
942.02
1668.59
674.87
1270.35
1606.66
708.32
1525.76
1611.11
1877.71
1793.96
1672.61
1123.37
1103.95
1320.66
1892.59
1879.97
1508.61
1709.15
1345.38
939.8
1662.46
1227.86
1569.57
1200.94
1528.6
1833.49
1901.53
1951.01
1519.11
906.35
1887.73
1166.87
1628.37
1414.9
1716.1
1218.77
1014.78
1203.44
1663.26
1463.69
1585.16
1018.44
1675.0
1639.03
1728.31
1960.11
1765.61
473.9
1394.81
1143.63
1404.09
2115.71
857.9
1605.04
1791.03
1140.41
1327.05
1825.79
1760.27
1599.4
1648.17
604.4
808.75
1210.3
1612.6
1577.35
1623.53
1593.73
1597.74
1473.45
1603.78
774.25
1656.55
1818.02
1901.98
1890.62
1810.46
1513.83
925.24
950.16
1659.13
890.29
1513.72
1479.85
1582.21
930.08
1669.24
1918.93
968.88
1749.0
985.2
962.21
1732.17
1322.07
1782.25
1849.1
1584.51
957.82
1456.1
950.8
1344.63
1577.38
1130.94
1646.36
1535.38
998.75
869.89
1455.73
1030.07
1880.15
1308.44
1258.32
1692.99
1424.9
853.28
1195.86
1516.25
914.96
635.9
732.18
508.9
1351.74
1848.43
681.01
1603.14
1621.48
1674.28
1535.16
1807.63
1862.33
894.35
1458.3
2080.23
1549.39
1703.98
1333.89
1294.93
1679.56
1325.09
1252.32
1075.56
1609.92
1722.98
1501.99
1177.0
1653.22
757.46
1112.43
951.62
1668.88
1093.33
1441.45
850.26
922.89
1431.89
973.95
881.41
435.33
1721.36
953.91
868.72
1866.85
757.88
1960.73
1412.95
1626.34
1798.39
1441.99
846.84
1803.05
1806.27
1781.96
697.87
1018.6
1012.17
1638.55
570.95
1475.75
1694.51
1476.63
1879.3
1139.67
1112.23
1703.73
1560.81
1932.36
1925.35
1484.31
1708.57
1644.2
693.96
1585.44
963.42
1755.3
1039.37
298.67
872.0
1271.47
1700.32
1859.06
1000.32
1479.03
1294.06
854.33
1418.05
1710.05
1533.23
1613.1
1839.33
700.74
1605.46
842.98
1769.08
1135.5
1204.78
1034.48
1964.83
1374.71
1282.63
1855.22
1612.91
1229.36
1899.25
1637.12
1589.89
1984.83
1716.92
1138.92
1515.09
1412.36
1623.18
1208.86
1690.82
1157.16
1602.49
1607.21
1775.11
1787.07
2138.51
2164.7
746.0
1463.99
1829.19
1538.15
673.0
794.96
1123.72
2011.53
1345.0
1437.74
1778.75
849.72
1622.48
1591.08
1740.2
505.34
975.73
1710.37
1731.21
938.43
1143.88
1944.07
1753.66
1722.49
1724.72
1220.3
559.49
1910.01
1475.27
1215.02
2160.98
1473.06
1780.06
1202.76
1611.82
1744.86
1867.19
1776.44
935.77
1690.25
1266.02
1654.01
1860.56
1345.62
1710.99
1335.22
1737.93
836.45
750.99
1138.44
1431.05
1765.68
1148.4
1798.87
1284.27
1476.47
1418.19
1321.57
1460.82
1170.18
1938.35
1863.2
1262.84
867.57
1083.3
1528.06
2109.5
859.0
1782.46
1417.38
2030.49
1432.08
1943.92
684.32
1607.66
1398.92
1081.66
1452.32
1151.74
1014.15
1583.46
1211.07
1744.28
1533.68
1341.6
1661.56
1457.88
1532.64
1356.4
2147.76
1516.03
1435.12
1146.66
1182.9
1929.41
1612.51
1555.16
772.91
1436.48
1823.47
1645.42
1817.95
1941.29
857.03
1525.52
1747.46
1648.58
942.48
1887.7
679.89
1548.95
1619.03
1534.49
1253.48
806.1
1121.24
1741.24
1040.41
1586.59
1713.28
1514.86
1757.41
1253.8
1840.57
1600.31
1663.79
1735.63
455.39
1282.57
1159.15
1757.48
1877.25
498.85
1188.43
1343.91
1727.66
1899.68
1327.43
1869.53
1810.22
1038.58
1611.97
1908.37
1622.13
1590.94
1490.02
1167.78
1858.52
1443.86
1278.36
1450.41
1767.71
1399.51
732.61
1412.16
1881.84
932.56
1482.72
1590.6
1308.22
1477.84
942.48
762.85
1700.15
1681.35
1195.8
1174.78
1906.38
1514.16
1857.26
618.24
1529.26
800.9
1194.03
1348.67
864.13
860.27
1429.86
746.83
1773.25
1348.89
1283.54
1896.48
1329.47
1476.83
1523.75
1328.74
1305.81
1297.86
1440.51
1628.38
891.79
724.07
926.16
574.37
2052.29
1726.27
1320.7
1183.95
499.42
1109.91
1433.63
1398.05
1217.16
2187.08
1235.02
1377.35
1563.19
1796.57
1735.38
1586.88
1648.41
1418.57
1792.04
1871.2
1457.77
1619.09
1575.6
778.52
1696.99
1313.96
1113.98
1860.81
1922.74
1861.82
1189.55
1657.04
924.17
891.28
1832.41
1200.85
1624.13
506.04
1447.02
1735.66
933.34
1633.24
1721.95
1839.43
327.98
1306.0
1984.9
1935.15
760.46
1293.35
1604.68
1797.6
1708.35
1939.31
1363.62
1538.09
748.95
1544.0
1082.18
802.24
1423.39
234.22
1859.14
680.61
740.51
1559.26
1305.83
2129.49
1254.51
1925.85
1963.75
906.37
1949.8
1559.0
1959.77
756.25
705.28
1629.34
1651.02
1612.6
625.92
1688.85
2178.16
1127.26
1165.15
761.19
1726.87
1845.9
1640.85
2017.45
1633.6
1527.72
644.61
1126.69
1762.74
1989.44
1606.14
1818.76
806.77
1635.7
1376.24
1858.29
1320.61
1365.47
1635.61
1692.86
797.93
1813.7
1316.53
1528.89
1860.81
1389.86
1326.92
1495.1
1947.46
828.77
925.69
1964.81
1750.06
675.83
1583.66
1502.18
1513.36
1875.29
1821.73
1422.03
946.96
1714.54
1506.15
1591.07
825.02
1463.59
969.75
1481.99
1343.48
1531.53
1861.18
1647.23
967.97
1705.34
1532.13
1177.82
1372.85
1827.1
1761.91
1608.7
1741.91
1542.55
1926.56
1629.74
1855.97
1919.18
1270.91
1342.33
1577.1
1218.84
1698.5
1710.79
1907.6
1529.88
1700.85
1949.34
585.57
1296.72
693.33
1724.76
1623.95
1638.63
1408.23
678.99
1371.28
1342.06
1457.16
1270.82
1821.7
1891.78
1194.54
1965.89
667.19
1589.63
936.58
1586.78
1195.2
1120.6
1653.78
1358.13
1175.69
633.11
1452.02
1454.18
1488.44
1798.72
1696.21
1471.67
1748.18
1700.76
1502.6
1542.26
1329.37
1228.63
1452.1
1961.69
923.7
982.94
1830.57
761.07
1764.55
1576.44
1487.36
1429.36
1769.28
1438.28
1877.47
1814.53
1025.78
1744.46
1127.65
763.33
1400.66
872.93
1762.31
1919.51
1527.66
1464.89
1672.29
293.05
1622.58
1170.56
1202.87
1698.49
1072.05
823.4
1737.06
968.69
1329.33
1723.1
761.16
1534.59
664.19
700.1
1483.93
1664.87
1127.78
1632.97
1543.36
1144.65
1884.91
1675.04
1613.67
1623.16
1447.24
1469.84
768.1
1714.6
1846.46
777.83
742.74
953.26
1675.93
1822.23
1137.42
1972.15
1282.93
1201.62
1921.14
1179.15
1936.72
808.04
1411.93
1568.41
933.89
1829.94
1322.3
1180.94
1775.32
1296.02
961.55
1812.64
1985.32
1601.47
1571.32
1132.14
1116.49
1242.56
1615.44
1299.28
1932.92
1618.54
1412.84
1220.8
794.32
1785.18
1563.23
1095.82
1452.97
1881.42
2125.0
764.83
1758.73
1690.97
806.92
290.68
1600.46
1390.7
1326.6
1136.96
810.47
1618.17
1702.93
1444.1
1687.66
1646.03
1381.87
1006.38
1573.95
1005.11
1149.16
1368.71
1109.73
1069.93
749.72
975.49
1838.99
2004.03
1742.36
1819.63
1207.33
1627.1
1645.48
1048.25
1326.89
1943.03
1208.78
1691.13
1644.52
1974.06
1540.67
1387.97
1493.01
1934.35
983.15
874.42
1445.79
1572.92
1003.13
1028.71
1208.04
1255.52
1788.49
1444.08
1308.62
1820.2
1550.97
1631.82
315.23
379.39
1946.48
1683.31
1027.91
1858.34
887.53
1077.68
730.5
1629.96
1212.1
2022.07
887.5
1504.36
1434.5
729.27
1863.56
1172.35
652.14
1338.94
1748.79
1660.74
1265.46
1891.17
1473.54
662.35
1820.26
2014.34
1424.79
2054.86
1251.9
2097.92
1188.13
1822.53
942.63
1445.27
867.83
1170.3
1540.35
1442.87
1344.83
1557.08
706.31
725.81
1509.6
1219.68
1936.61
1890.32
1602.42
753.5
1320.59
1101.69
901.63
1647.88
843.79
1458.26
1347.45
1430.68
1434.12
1692.0
910.75
984.58
1802.83
1365.96
1892.35
920.54
876.56
1805.63
1034.22
1312.51
1672.85
1567.19
1378.37
201.14
1827.29
1324.81
1867.86
1296.14
1544.46
1266.93
1940.36
1741.53
1702.83
1608.76
1786.66
751.36
1851.27
1483.4
1500.51
1574.89
1807.72
1444.74
1347.75
1806.73
1762.19
1174.92
1745.51
1346.87
922.83
832.85
1299.91
1944.51
1187.1
792.49
1634.17
811.28
1595.51
1314.25
1156.46
1542.73
1518.4
1578.85
1000.89
1690.78
1216.15
1164.81
1105.88
1367.25
1520.02
1548.92
1047.28
1364.85
904.33
1784.08
1277.43
1610.82
1091.16
2105.07
1833.65
1244.3
1857.84
1239.43
1764.14
1527.72
1220.16
1366.92
1550.87
1318.34
741.8
1624.58
1454.71
959.35
1980.11
1282.96
1781.47
1100.67
1458.16
1051.55
1921.72
1539.66
1909.34
1583.99
1620.87
1817.85
914.23
1650.7
822.55
1427.74
1115.66
1226.64
1137.07
1954.38
1787.62
1549.85
1187.05
926.45
1616.24
2158.79
1778.85
627.63
1216.94
1077.69
1550.14
1497.45
1532.97
1640.89
1465.04
242.14
1527.09
1730.26
1441.11
1635.16
1067.33
1880.2
1847.11
1106.39
527.94
2134.69
1153.33
1702.1
1733.64
1431.65
1945.19
1219.37
1711.06
1771.97
531.54
1274.1
281.55
1744.16
867.58
963.28
1846.93
1942.21
873.02
1472.56
1575.43
1984.14
1802.07
375.14
1625.8
1136.08
1879.24
1263.11
1942.53
1853.24
1961.35
1473.05
1726.91
1208.0
1494.45
682.97
1691.85
1504.06
957.58
1108.41
1696.57
1424.79
1739.23
323.04
1719.68
1697.83
1002.68
1121.57
750.27
1527.7
1195.69
1166.45
1232.52
1089.12
1558.81
1530.8
1087.33
1318.63
1577.41
1365.29
1546.78
1384.8
1765.56
1821.41
1114.93
1207.89
1041.92
1611.88
876.25
678.74
1286.16
898.42
1881.47
1351.96
925.82
1826.87
1119.8
1943.4
1302.63
1112.92
1356.13
766.33
1286.96
1307.87
1324.6
1870.66
862.09
1320.61
1424.54
1677.76
589.35
1395.11
1409.06
918.81
1939.24
1838.07
1052.5
1361.16
1241.8
1668.61
1643.57
1382.45
1197.23
769.28
2022.73
1196.79
2015.32
1141.77
830.2
1962.59
1414.2
1525.53
1107.84
1584.45
1520.72
1275.72
1250.16
869.15
1368.45
1346.86
1319.11
1477.45
810.91
1418.04
1065.62
1364.05
1433.54
1686.1
1967.14
1635.42
1258.76
1917.92
1000.72
1616.76
1152.14
1748.77
1240.74
1220.22
1579.32
1622.94
1726.61
755.57
1155.94
2093.69
1800.65
1604.41
1347.04
1945.02
1743.61
2036.48
1596.63
1525.32
1595.03
1831.52
1443.09
1210.22
1428.21
1485.59
1385.45
746.5
1058.61
1850.35
1373.35
1631.4
1919.2
1834.76
1555.9
892.58
1557.81
1866.0
410.56
1461.98
1424.62
1595.74
1627.18
1118.91
1316.41
775.02
576.24
1304.7
1767.44
1979.61
1832.18
1805.84
1405.37
1689.7
1680.36
1931.44
903.72
1737.03
606.02
939.63
1139.88
1472.47
1010.33
1609.61
1178.27
1571.74
1605.77
1709.01
1420.16
1428.8
1663.27
1322.09
1596.8
1952.42
1669.6
954.92
1287.68
1748.51
1200.51
1407.62
834.41
897.01
1505.54
1754.67
980.47
841.75
1159.89
1735.59
1430.05
1347.06
977.05
1797.15
1548.27
1610.84
1598.47
1436.9
1210.17
753.08
1385.14
917.91
895.36
1755.97
1961.84
1288.68
1961.79
934.04
1269.64
1024.56
953.04
1097.51
1234.77
1547.51
1507.41
863.54
1530.43
1783.05
1483.62
1355.2
1687.47
1581.41
1840.75
1254.61
1009.09
1422.77
1758.51
1277.72
1159.32
1616.12
1149.14
514.22
1664.66
1627.43
857.81
1169.28
1210.54
927.13
1607.23
1542.18
984.36
1141.23
1620.24
1659.72
1731.2
1822.64
1474.59
1436.35
1709.72
1766.64
1682.28
1820.18
1864.49
1612.98
1706.65
1214.73
1490.57
1244.32
1076.42
1730.52
1298.21
1225.96
1698.51
711.95
1823.01
1131.27
993.95
956.69
1930.46
1552.0
1512.25
1630.17
1439.44
1575.79
856.14
1316.29
938.26
1490.47
1745.13
1003.89
1451.27
1471.41
930.39
1257.31
891.82
1533.0
1819.79
965.5
1270.07
729.94
1556.16
558.91
1083.57
833.25
1425.26
1616.89
1999.89
2135.15
1372.4
1889.53
795.46
929.11
1923.45
1604.19
1366.06
1436.06
1518.7
1189.79
1910.71
1549.11
1033.23
2106.21
2104.36
1916.16
1658.25
1558.0
841.81
1570.58
1218.09
1480.33
1486.33
985.58
513.12
1943.3
1372.16
823.43
1480.67
1629.69
1226.57
1615.4
1942.05
1007.43
787.62
1374.54
1710.89
732.73
697.35
585.07
1830.14
1630.12
1433.88
1864.94
1305.56
1957.14
1611.97
1336.95
1618.19
1948.24
1563.53
1274.18
1580.12
910.62
725.95
1516.78
1585.04
1598.29
1576.29
942.02
1807.31
1776.79
1589.61
1838.83
1666.69
1763.92
1451.22
2133.07
1789.87
1146.53
801.53
777.22
1760.3
1088.74
1671.59
1716.38
1515.35
1095.03
1435.52
1331.5
1489.13
823.15
1273.61
1803.58
759.38
1675.98
1069.08
1660.38
1486.8
1252.64
822.97
1533.88
1380.41
1535.77
1512.06
1242.42
1773.63
1279.88
1496.59
1423.8
1804.77
955.36
1821.59
1700.81
1577.0
586.87
590.0
1827.8
1041.46
843.19
1594.91
973.1
1629.74
1741.49
1535.98
1758.25
1600.56
1560.86
1828.89
1892.18
1220.79
1368.31
1506.05
1559.72
1130.9
1096.47
1521.57
1246.33
1180.71
1608.42
1652.86
1245.53
1532.92
1750.78
643.25
698.15
1679.92
1466.6
1440.09
1740.21
1630.06
1219.49
1064.67
1630.62
1378.32
1022.71
1871.31
1452.25
1847.65
1498.5
1512.67
1138.92
1473.86
1685.71
1756.83
2091.46
1025.5
636.57
1265.86
1432.73
894.68
746.41
1812.94
1150.89
1795.54
1261.28
1767.71
1811.83
1689.81
930.14
1509.66
1671.26
1120.54
743.39
612.58
1222.06
1794.83
1706.77
763.79
1306.37
1531.11
1662.36
1532.35
1947.69
2010.7
1886.77
1496.63
1966.96
982.53
1163.68
522.95
1737.14
1498.73
1331.41
1523.22
1587.88
2145.4
1817.31
1760.76
1496.01
1432.49
1501.35
1591.18
1945.69
1940.15
1287.93
834.22
1639.59
1316.73
1188.16
1416.39
1444.96
1876.97
1125.56
1058.37
1285.38
490.21
1537.43
1577.23
1623.73
1497.03
1194.35
1159.56
1306.37
1067.76
564.64
1546.08
909.14
1607.27
1022.42
1923.0
995.2
1815.7
1834.75
1659.04
1621.39
1884.29
1269.62
1820.83
514.19
1197.15
2101.42
1047.68
1231.99
1455.29
1600.38
447.73
1474.29
1497.84
1266.89
1891.35
1894.85
368.63
1528.96
499.08
1589.69
1419.52
1602.84
1423.06
1762.96
1953.29
548.99
247.35
1394.51
1164.29
1191.23
1301.46
835.34
1761.61
897.01
1813.14
1520.47
822.55
835.97
1248.14
1645.73
1801.26
793.76
1656.38
1593.47
1124.18
648.24
768.82
1532.98
1244.56
1083.77
1475.18
872.67
1627.42
659.98
1240.71
1736.24
1606.71
1936.13
1663.11
1462.55
881.48
1696.55
755.12
1588.16
1175.82
1618.22
1305.7
1230.55
1472.31
1525.52
1570.26
1453.89
1870.23
1775.79
1776.43
869.99
1811.05
1299.05
1489.68
1944.46
1650.58
1729.51
835.62
1159.21
1288.56
1933.64
1459.63
1814.3
1711.04
775.55
1593.87
1675.54
1847.78
1074.08
1095.41
850.48
1490.63
2097.49
1034.64
1759.54
1579.18
1201.25
620.0
1721.39
845.05
1498.66
559.58
1123.86
1148.31
1204.16
1865.57
1915.18
891.95
1669.9
901.09
676.3
1336.63
1174.35
722.19
1548.79
1762.79
1179.78
1530.75
1180.24
1381.6
1548.71
1484.57
1156.35
1282.24
1314.51
449.59
587.44
1593.01
1205.87
1146.3
1077.37
1319.69
787.32
930.92
1746.37
787.99
940.49
1430.67
1579.08
1581.38
1147.71
1548.66
1660.3
1734.71
1480.08
1891.0
1332.79
1650.78
1763.6
1082.0
1721.53
1501.0
1652.06
1419.96
1233.16
1736.74
1438.57
1811.26
1927.7
1883.61
1847.93
1657.73
1250.59
1585.71
1732.1
1236.91
1406.92
1102.18
1635.64
1938.33
1830.46
1945.91
1379.84
908.74
1427.1
1678.38
1383.99
1707.65
618.28
1376.07
619.43
1408.31
1973.28
1546.3
1588.22
970.69
854.96
1652.15
1238.07
1306.46
1492.98
1274.31
1930.39
1658.05
707.41
1215.89
1732.99
1273.01
1303.99
1494.18
1554.12
1104.87
726.44
632.22
1861.13
918.4
1724.75
1872.46
1591.21
1537.41
1931.03
888.94
1309.36
1471.37
1394.31
1292.0
722.52
1787.14
1599.01
1444.05
491.98
1139.63
1572.09
1559.1
1003.97
1911.53
908.1
766.93
1444.08
1238.87
1804.58
1430.36
1143.82
1950.72
2038.88
1748.9
1392.76
1184.94
646.54
1657.38
1509.75
1703.45
441.34
1752.44
1668.36
1689.86
1546.87
1783.03
937.69
695.3
1742.31
1662.37
1673.53
1438.69
1182.03
1405.64
1059.22
817.0
1958.51
1068.72
1307.2
1430.1
1023.46
1148.82
1600.9
1913.65
1345.12
638.28
1483.59
1077.65
1609.37
1518.05
1268.47
1752.84
1503.49
1605.25
1919.36
1606.8
1002.85
1493.05
2122.43
1219.92
1574.78
1530.15
1111.12
1274.47
1516.07
1128.62
1589.2
791.05
1457.93
1024.88
1201.74
1532.71
727.51
1419.53
1963.72
867.68
2168.1
939.84
1189.61
953.15
1639.6
1832.23
1366.93
1474.99
1229.61
955.58
745.09
1858.18
1231.61
1792.28
1632.11
1678.46
978.72
1520.27
1440.49
1794.99
1152.31
1328.11
1678.52
737.85
1708.96
1886.9
1855.22
1795.7
1809.77
1118.47
1706.48
286.29
1380.33
1141.6
1393.03
830.21
2110.89
1333.21
1395.1
932.9
1944.38
936.33
162.22
852.84
987.5
1906.25
1970.97
1778.62
1646.87
1894.01
1200.03
1618.59
1010.11
1214.14
1489.13
956.45
891.16
1721.25
1198.73
738.91
1425.26
1693.11
1376.84
1668.84
1847.28
1177.83
1953.65
1627.64
1491.33
1699.68
1427.72
1144.98
759.92
1037.08
559.4
1605.74
1640.0
1682.31
1480.21
1246.55
1306.56
1284.08
594.12
1787.77
1767.89
1486.56
1770.23
1574.39
1410.08
2037.9
834.09
1199.58
802.68
1595.18
1430.06
1002.16
1232.52
1810.85
1725.92
1588.84
1420.15
794.24
1975.65
943.22
1455.09
1538.46
1208.86
1498.01
1309.8
1459.47
1116.66
993.0
1961.26
1575.95
789.47
1812.24
1371.63
1675.92
614.73
1682.85
1476.01
520.2
1163.57
1459.71
325.55
1417.66
1255.1
1322.15
1651.22
1448.35
1233.61
1692.0
2149.76
629.68
1573.72
747.42
1615.51
1435.77
1194.99
1945.59
1685.39
1782.08
1493.14
1419.48
1943.07
1136.01
1738.04
1430.75
1329.58
1225.81
1760.75
474.88
1044.78
1012.26
931.57
1788.94
756.42
1029.98
1820.77
1502.22
1229.82
337.15
1321.79
1103.23
1057.21
1212.94
839.34
1631.21
1645.49
1844.51
1415.09
1694.93
873.94
1634.11
1431.66
1613.19
1572.04
2140.58
1250.65
1540.03
1430.7
1287.41
1949.86
1799.84
1516.09
1030.65
1761.83
882.08
1479.27
871.45
1827.07
1463.56
1248.51
1588.12
1587.94
2016.27
1609.89
243.86
1592.67
1702.49
1330.98
998.66
1427.85
1559.79
1424.72
951.04
1850.55
1636.45
1570.53
2027.92
1941.79
1605.46
1327.13
1568.79
1618.14
1333.53
445.01
1606.77
1812.88
1249.42
1223.23
1741.78
660.25
577.69
627.66
1848.11
1373.741000.00